_time,n_Fan,P_el_Comp,n_Comp,Q_Kond_outer,Q_Kond_inner,Q_VD,COP_outer,COP_inner,T_eva_in,T_eva_out,T1,T2,T2_dash,T3,T3_a,T3_b,T3_c,T4_dash,T1_dash,m_flow_Comp_Out,m_flow_Kond_Out,density_cond_out,density_ref_cond_out,density_comp_out,density_ref_comp_out,p1,p2,p2_dash,p3,p3_a,p3_c,p4_dash,p1_dash,T_c,T_e,T_con_in,T_con_out,T_cc,T_hyd_rl,T_hyd_vl,V_flow_water,V_flow_air,Superheat_Python,Superheat_VD_out,EEV_opening,Subcooling_3,Subcooling_3a,eta_is,lambda_h,eta_mech,Subcooling_3c,hLevelRec,Superheat_Simulink,hKond_In,hil3/Sensor.hKondOut,hil3/Sensor.sKondIn,sKond_Out,hComp_In,hComp_Out,P_Fan,EEV_Opening
2025-01-27 13:07:56+01:00,6.0,838.8016967773438,44.93824768066406,3.1911892890930176,3.4212911128997803,2.763956069946289,3.797085046768189,4.067161560058594,279.507880115509,273.855529987812,280.30566968917844,335.2910751342773,326.32275619506834,305.53935089111326,32.21774673461914,31.0283203125,31.23874855041504,275.8603199958801,273.43237000107763,0.0094160089492797,0.0083930873870849,482.004150390625,480.7274169921875,22.665023803710938,22.809932708740234,376739.239692688,1220458.8890075684,1210449.1233825684,1204345.6077575684,12.043456077575684,12.034911155700684,532714.7960662842,383789.0148162842,307.9183982849121,265.7707032203674,303.03871002197263,308.6005500793457,6.267499923706055,35.25,30.0,0.0001375876108805,1978.869873046875,14.209128379821776,14.750935554504396,6.537600040435791,2.6279373168945312,2.2290024757385254,0.7705990076065063,0.8743593692779541,0.8553351163864136,3.241969347000122,252.99246215820312,14.209251403808594,648.820556640625,285.47222900390625,2.466839551925659,1.2903566360473633,591.2617797851562,667.1735229492188,22.62,15.86
2025-01-27 13:07:58+01:00,6.0,840.93115234375,44.95973587036133,3.2459652423858643,3.43140172958374,2.7771174907684326,3.804710626602173,4.091557025909424,279.4978798866272,273.8455299973488,280.285669708252,335.2810768127441,326.282755279541,305.53935089111326,32.23774719238281,31.042022705078125,31.20874786376953,275.87031998634336,273.40236999988554,0.0094449911117553,0.0084151630401611,481.9493408203125,480.7345886230469,22.61543273925781,22.809932708740234,366744.7328567505,1224731.3499450684,1209960.8421325684,1213256.7405700684,12.052000999450684,12.034911155700684,530517.5304412842,369873.0230331421,308.0493759155273,265.37411775588987,303.0287097930908,308.6005500793457,6.270000457763672,35.25,29.979999542236328,0.0001372315639919,2014.1551513671875,15.191389083862305,14.708012580871582,6.537600040435791,2.344357967376709,2.272969484329224,0.799427330493927,0.9052576422691344,0.8529597520828247,3.327126264572144,251.25802612304688,14.780072212219238,648.6959228515625,285.418212890625,2.4663007259368896,1.2901990413665771,591.4752807617188,667.1419067382812,22.62,15.86
2025-01-27 13:08:00+01:00,6.0,840.2057189941406,44.96481513977051,3.225510239601136,3.4214757680892944,2.769489288330078,3.805365085601807,4.071394920349121,279.4678799152374,273.8355299770832,280.29066982269285,335.2860759735107,326.2777561187744,305.53935089111326,32.21774673461914,31.042938232421875,31.20874786376953,275.8603199958801,273.40236999988554,0.009421760559082,0.0084098315238952,481.9605407714844,480.7763214111328,22.61543273925781,22.81462860107422,370750.1649856568,1221191.3108825684,1211730.8616638184,1208007.7171325684,12.040404319763184,12.019042015075684,525939.8937225342,375244.10486221313,307.8293117523193,265.23136200904844,303.0287097930908,308.6105503082275,6.292499542236328,35.23999786376953,29.979999542236328,0.0001373841603597,2011.5745849609373,14.968014240264893,14.593274116516112,6.537600040435791,2.435106873512268,2.2623554468154907,0.798672616481781,0.8960183560848236,0.8484768867492676,3.269818902015686,250.69808959960932,14.66376256942749,648.6897888183594,285.3891296386719,2.46625816822052,1.290073037147522,591.2959289550781,,22.62,15.86
2025-01-27 13:08:02+01:00,6.0,839.4802856445312,44.96989440917969,3.2050552368164062,3.4115498065948486,2.761861085891724,3.80601954460144,4.051232814788818,279.43787994384763,273.8255299568176,280.29566993713377,335.2910751342773,326.2727569580078,305.53935089111326,32.19774627685547,31.043853759765625,31.20874786376953,275.85032000541685,273.40236999988554,0.0093985300064086,0.0084045000076293,481.97174072265625,480.8180541992188,22.61543273925781,22.819324493408203,374755.597114563,1217651.2718200684,1213500.8811950684,1202758.6936950684,12.028807640075684,12.003172874450684,521362.2570037842,380615.1866912842,307.6092475891113,265.088606262207,303.0287097930908,308.6205505371093,6.302499771118164,35.23999786376953,30.0,0.000137028104994,1981.539794921875,14.74463939666748,14.478535652160645,6.537600040435791,2.525855779647827,2.251741409301758,0.797917902469635,0.8867790699005127,0.8439940214157104,3.2125115394592285,250.13815307617188,14.547452926635742,648.6836547851562,285.36004638671875,2.4662156105041504,1.2899470329284668,591.1165771484375,667.1416015625,22.62,15.86
2025-01-27 13:08:04+01:00,6.0,840.0792236328125,45.03689193725586,3.202685594558716,3.440829277038574,2.7829012870788574,3.816142320632935,4.080247402191162,279.4678796768188,273.855529987812,280.30566968917844,335.2710784912109,326.2627548217773,305.4993499755859,32.21774673461914,31.02630615234375,31.20874786376953,275.8603199958801,273.4123699903488,0.0094660120010375,0.0084121227264404,481.9913024902344,480.7991638183594,22.60637283325196,22.755691528320312,372619.366645813,1224365.1390075684,1212402.2483825684,1206176.6624450684,12.052000999450684,12.054442405700684,532470.6554412842,387206.9835662842,307.6941856384277,265.93926467895506,303.0287097930908,308.6005500793457,6.300000190734863,35.22999954223633,29.979999542236328,0.0001378927951388,2022.2535400390625,14.700589179992676,14.129785537719728,6.537600040435791,2.344357967376709,2.292677164077759,0.7800610661506653,0.8939104676246643,0.8596402406692505,3.314085960388184,250.6434631347656,14.700897216796877,648.9112548828125,285.418212890625,2.4674854278564453,1.2900973558425903,590.9859619140625,667.1878662109375,22.62,15.86
2025-01-27 13:08:06+01:00,6.0,838.6483764648438,45.006874084472656,3.198272943496704,3.4361157417297363,2.78059196472168,3.804697513580322,4.087637424468994,279.36787977218626,273.9155299901962,280.285669708252,335.25107803344724,326.2627548217773,305.4993499755859,32.21774673461914,31.02630615234375,31.23874855041504,275.8403200149536,273.43237000107763,0.0094660120010375,0.0084147481918334,481.9927368164063,480.7426452636719,22.628307342529297,23.072725296020508,380782.8187942505,1229370.0218200684,1224731.3499450684,1221435.4515075684,12.027586936950684,12.064208030700684,522949.1710662842,375244.0929412842,308.1418403625488,265.63250436782835,303.0087093353271,308.6005500793457,6.300000190734863,35.23999786376953,29.979999542236328,0.0001374350229899,2033.77783203125,14.473560333251951,14.606356620788574,6.537600040435791,2.6227006912231445,2.2557036876678467,0.7880821228027344,0.8853597640991211,0.8539550304412842,3.2871253490448,250.6571044921875,14.742340087890623,648.2047119140625,285.41583251953125,2.463473081588745,1.29012131690979,591.160400390625,666.8026733398438,22.62,15.86
2025-01-27 13:08:08+01:00,6.0,841.1897583007812,45.07760620117188,3.2270772457122803,3.413569927215576,2.761492252349853,3.835196018218994,4.05683183670044,279.3078798294067,273.96553000211713,280.29566993713377,335.25107803344724,326.22275390625,305.53935089111326,32.20774841308594,31.037567138671875,31.23874855041504,275.85032000541685,273.4123699903488,0.009401798248291,0.0084147481918334,481.9927368164063,480.7202758789063,22.628307342529297,22.663557052612305,383529.4008255005,1218749.9046325684,1221801.6624450684,1212158.1077575684,12.052000999450684,12.041014671325684,535156.2023162842,393676.7101287842,308.0240234375,265.745700263977,303.0087093353271,308.6005500793457,6.309999465942383,35.22999954223633,29.979999542236328,0.0001383505757649,2025.63525390625,14.594992637634276,14.583807945251465,6.537600040435791,2.5100693702697754,2.2957046031951904,0.7875048518180847,0.883423924446106,0.8472137451171875,3.280458927154541,252.8558959960937,14.855535507202148,648.6775512695312,285.47393798828125,2.466497898101806,1.2903714179992676,591.1951904296875,667.291748046875,22.62,15.86
2025-01-27 13:08:10+01:00,6.0,841.2817993164062,45.0527286529541,3.19992458820343,3.4291465282440186,2.774571776390076,3.831653118133545,4.075707197189331,279.272879743576,273.9755299925804,280.3006698131561,335.246076965332,326.2327541351318,305.5293506622314,32.2027473449707,31.04209899902344,31.24374866485596,275.8603199958801,273.4123699903488,0.0094419302940368,0.0084009251594543,481.9674530029297,480.7734069824219,22.61662483215332,22.84839630126953,380439.4960403442,1223266.5061950684,1218444.7288513184,1215270.9007263184,12.041014671325684,12.034911155700684,532165.4796600342,389160.1085662842,307.9838871002197,265.77693071365354,303.01870956420896,308.6005500793457,6.3125,35.23999786376953,29.979999542236328,0.0001376384735107,1992.6636962890625,14.649081230163574,14.434460639953612,6.537600040435791,2.517425417900085,2.269476294517517,0.7893242537975311,0.8882111012935638,0.8507142066955566,3.257106304168701,252.3642425537109,14.784504890441896,648.6634826660156,285.4175109863281,2.465704202651977,1.2901504635810852,591.2112731933594,,22.62,15.86
2025-01-27 13:08:12+01:00,6.0,841.3738403320312,45.02785110473633,3.17277193069458,3.444723129272461,2.787651300430298,3.828110218048096,4.094582557678223,279.23787965774534,273.98552998304365,280.30566968917844,335.2410758972168,326.24275436401365,305.5193504333496,32.19774627685547,31.046630859375,31.248748779296875,275.87031998634336,273.4123699903488,0.0094820623397827,0.0083871021270751,481.9421691894531,480.8265380859375,22.604942321777344,23.03323554992676,377349.591255188,1227783.1077575684,1215087.7952575684,1218383.6936950684,12.030028343200684,12.028807640075684,529174.7570037842,384643.5070037842,307.94375076293943,265.80816116333006,303.0287097930908,308.6005500793457,6.3274993896484375,35.23999786376953,29.979999542236328,0.0001376384735107,2001.1624755859373,14.703169822692873,14.285113334655762,6.537600040435791,2.5247814655303955,2.243247985839844,0.7911436557769775,0.8929982781410217,0.8542146682739258,3.2337536811828613,251.87258911132807,14.71347427368164,648.6494140625,285.361083984375,2.4649105072021484,1.2899295091629028,591.2273559570312,666.77783203125,22.62,15.86
2025-01-27 13:08:14+01:00,6.0,840.7069091796875,45.04541778564453,3.199584007263184,3.414652109146118,2.7637526988983154,3.8096823692321777,4.065759658813477,279.23787965774534,273.98552998304365,280.30566968917844,335.2310775756836,326.2527565002441,305.4993499755859,32.20774841308594,31.028717041015625,31.20874786376953,275.8403200149536,273.4423699915409,0.009403317451477,0.0084129467010498,481.9703063964844,480.7970275878906,22.5067138671875,22.924570083618164,382079.815864563,1225585.8421325684,1209716.7015075684,1212890.5296325684,12.023924827575684,12.032469749450684,524658.1554412842,391235.3038787842,308.36869659423826,265.46899976730344,303.0087093353271,308.5705513000488,6.322499752044678,35.209999084472656,29.979999542236328,0.0001378419325086,2017.98193359375,14.650304794311523,13.950332641601562,6.537600040435791,2.369717597961426,2.251741409301758,0.788611650466919,0.8874275088310242,0.8490750789642334,3.280458927154541,251.3672790527344,14.416349411010742,648.4898071289062,285.36138916015625,2.465116262435913,1.2899905443191528,591.0995483398438,666.9425659179688,22.62,15.86
2025-01-27 13:08:16+01:00,6.0,840.87841796875,45.033233642578125,3.194732189178467,3.450096607208252,2.790907382965088,3.805156946182251,4.109314441680908,279.2878798484802,274.01553001403806,280.285669708252,335.2310775756836,326.2627548217773,305.5193504333496,32.21774673461914,31.03851318359375,31.23874855041504,275.85032000541685,273.4423699915409,0.0094974994659423,0.0084044847488403,481.9450378417969,480.7840576171875,22.66740798950196,22.75843620300293,373840.069770813,1234496.9749450684,1223876.8577575684,1208129.7874450684,12.022704124450684,12.050780296325684,532104.4445037842,390258.7413787842,307.93530120849607,265.63250436782835,303.0087093353271,308.55055084228513,6.319999694824219,35.22999954223633,29.979999542236328,0.0001374858856201,1993.8651123046875,14.499818801879885,14.403554916381836,6.537600040435791,2.5036988258361816,2.188009738922119,0.7853492498397827,0.889817476272583,0.8579949140548706,3.263189554214477,251.84527587890625,15.048247337341309,648.6535034179688,285.3622131347656,2.466249942779541,1.2900173664093018,591.4091796875,667.1842041015625,22.62,15.86
2025-01-27 13:08:18+01:00,6.0,840.1279907226562,45.05644607543945,3.194732189178467,3.4346396923065186,2.7798147201538086,3.792633295059204,4.077439785003662,279.33788003921507,274.0055300235748,280.30566968917844,335.2210754394531,326.2527565002441,305.4993499755859,32.20774841308594,31.02694702148437,31.23874855041504,275.8603199958801,273.4423699915409,0.0094496936798095,0.0084064245223999,482.0017700195313,480.83599853515625,22.57108688354492,22.72411346435547,370635.724067688,1225097.5608825684,1213989.1624450684,1212890.5296325684,12.014159202575684,12.039793968200684,517822.2179412842,375488.2335662842,307.7366584777832,266.0016945838928,302.98870887756345,308.55055084228513,6.3125,35.23999786376953,30.0,0.0001376384735107,2027.5040283203125,14.817648887634276,14.41604232788086,6.537600040435791,2.2500996589660645,2.2659897804260254,0.7900857329368591,0.8949481844902039,0.850787341594696,3.140002489089966,252.582763671875,14.817804336547852,648.82861328125,285.3629150390625,2.4672930240631104,1.2898544073104858,591.1195068359375,667.11376953125,22.62,15.86
2025-01-27 13:08:20+01:00,6.0,840.8452453613281,45.03548240661621,3.224671959877014,3.4325650930404663,2.7786333560943604,3.809963345527649,4.082542419433594,279.3578800201416,274.01053001880643,280.3006698131561,335.20607604980466,326.2477554321289,305.4943508148193,32.1977481842041,31.02694702148437,31.23874855041504,275.85032000541685,273.4473699867725,0.0094496936798095,0.0084001884460449,481.96934509277344,480.8102416992188,22.63975143432617,22.806225776672363,374335.9804153442,1230407.6194763184,1216857.8147888184,1211730.8616638184,12.008666038513184,12.040404319763184,521057.0812225342,380981.3976287842,307.94555320739744,266.178489112854,302.9937089920044,308.56055107116697,6.317500114440918,35.209999084472656,29.979999542236328,0.0001381979793972,1975.043212890625,14.503538131713867,14.673163890838625,6.537600040435791,2.4892385005950928,2.236999988555908,0.793463408946991,0.8908196687698364,0.8500666618347168,3.1888633966445923,252.2686462402344,14.493736267089844,648.6553344726562,285.3473205566406,2.466137647628784,1.2898502349853516,591.0728759765625,,22.62,15.86
2025-01-27 13:08:22+01:00,6.0,841.5625,45.01451873779297,3.254611730575561,3.430490493774414,2.777451992034912,3.8272933959960938,4.087645053863525,279.3778800010681,274.01553001403806,280.29566993713377,335.1910766601562,326.24275436401365,305.4893516540527,32.187747955322266,31.02694702148437,31.23874855041504,275.8403200149536,273.45236998200414,0.0094496936798095,0.0083939523696899,481.9369201660156,480.7844848632813,22.708415985107425,22.88833808898925,378036.2367630005,1235717.6780700684,1219726.4671325684,1210571.1936950684,12.003172874450684,12.041014671325684,524291.9445037842,386474.5616912842,308.1544479370117,266.3552836418152,302.9987091064453,308.5705513000488,6.3125,35.209999084472656,30.0,0.0001387574937608,2038.8060302734373,14.189427375793455,14.930285453796388,6.537600040435791,2.728377342224121,2.208010196685791,0.7968410849571228,0.886691153049469,0.8493459820747375,3.2377243041992188,251.9545288085937,14.169668197631836,648.4820556640625,285.33172607421875,2.464982271194458,1.2898460626602173,591.0262451171875,666.8414916992188,22.62,15.86
2025-01-27 13:08:24+01:00,6.0,840.9970703125,45.02233123779297,3.2064003944396973,3.431482315063477,2.775458812713623,3.812397003173828,4.080018520355225,279.43787994384763,274.01553001403806,280.29566993713377,335.1910766601562,326.2527565002441,305.4993499755859,32.19774627685547,31.046539306640625,31.20874786376953,275.8603199958801,273.4423699915409,0.0094462766647338,0.0083939523696899,481.9369201660156,480.8229675292969,22.708415985107425,23.101837158203125,372771.954536438,1214477.4436950684,1206298.7327575684,1219360.2561950684,12.012938499450684,12.022704124450684,531127.8820037842,379760.6945037842,308.297346496582,265.0949872970581,302.9987091064453,308.55055084228513,6.307499885559082,35.209999084472656,30.0,0.0001386048973931,1997.958740234375,14.462282180786133,14.656586647033691,6.537600040435791,2.568495750427246,2.2757041454315186,0.784339964389801,0.8838909864425659,0.8515762686729431,3.250741958618164,251.13510131835932,14.460050582885742,648.3407592773438,285.3597412109375,2.46432900428772,1.289936900138855,591.177490234375,666.647216796875,22.62,15.86
2025-01-27 13:08:26+01:00,6.0,839.7421875,45.12743377685547,3.20889949798584,3.444693326950073,2.787766933441162,3.824293851852417,4.105307579040527,279.4978798866272,274.06552996635435,280.30566968917844,335.2110771179199,326.22275390625,305.4893516540527,32.257747650146484,31.028839111328125,31.20874786376953,275.85032000541685,273.45236998200414,0.0094917278289794,0.0083791589736938,481.9612426757813,480.807373046875,22.653579711914062,22.94369506835937,369643.9027786255,1233642.4827575684,1217773.3421325684,1216674.7093200684,12.003172874450684,12.016600608825684,526855.4210662842,372680.6402206421,307.81277694702146,266.10740795135496,302.9787086486816,308.55055084228513,6.302500247955322,35.209999084472656,30.0,0.0001380453915066,1986.834716796875,14.188057899475098,14.990926742553713,6.537600040435791,2.845900297164917,2.211740493774414,0.7883180975914001,0.8787329196929932,0.8542773127555847,3.1487371921539307,251.0531616210937,14.723474502563477,648.2462768554688,285.3309326171875,2.46509337425232,1.289913535118103,591.3716430664062,666.7811889648438,22.62,15.86
2025-01-27 13:08:28+01:00,6.0,839.7035522460938,45.039817810058594,3.2123098373413086,3.4364134073257446,2.7811447381973267,3.82335364818573,4.090104818344116,279.52787985801695,274.09552996754644,280.3006698131561,335.1910766601562,326.22275390625,305.4893516540527,32.23774719238281,31.040084838867188,31.223748207092285,275.8553200006485,273.45736999213693,0.0094673619270324,0.0083953742980957,481.9483642578125,480.8064727783203,22.59230613708496,22.8713321685791,371856.427192688,1231628.3226013184,1219055.0804138184,1218139.5530700684,12.006224632263184,12.012938499450684,527954.0538787842,376281.70251846313,308.1116413116455,265.77877082824705,302.9787086486816,308.55055084228513,6.309999942779541,35.23999786376953,29.94999885559082,0.0001374858856201,2022.208984375,14.288928031921388,14.83318328857422,6.537600040435791,2.787138819694519,2.201251983642578,0.7894654273986816,0.8800506889820099,0.8511315286159515,3.178368926048279,252.0159912109375,14.684453964233398,648.529296875,285.3324279785156,2.466264247894287,1.289915382862091,591.3367919921875,,22.62,15.86
2025-01-27 13:08:30+01:00,6.0,839.6649169921875,44.95220184326172,3.2157201766967773,3.428133487701416,2.774522542953491,3.822413444519043,4.074902057647705,279.5578798294067,274.12552996873853,280.29566993713377,335.17107620239256,326.22275390625,305.4893516540527,32.21774673461914,31.05133056640625,31.23874855041504,275.8603199958801,273.4623700022697,0.0094429960250854,0.0084115896224975,481.93548583984375,480.8055725097656,22.53103256225586,22.798969268798828,374068.9516067505,1229614.1624450684,1220336.8186950684,1219604.3968200684,12.009276390075684,12.009276390075684,529052.6866912842,379882.7648162842,308.4105056762695,265.45013370513914,302.9787086486816,308.55055084228513,6.319999694824219,35.189998626708984,30.0,0.0001380962541368,1992.441162109375,14.389798164367676,14.675439834594728,6.537600040435791,2.728377342224121,2.190763473510742,0.7906127572059631,0.8813684582710266,0.8479857444763184,3.208000659942627,252.97882080078125,14.64543342590332,648.8123168945312,285.3339233398437,2.467435121536255,1.289917230606079,591.3019409179688,666.9554443359375,22.62,15.86
2025-01-27 13:08:32+01:00,6.0,840.2674560546875,45.02206039428711,3.19930386543274,3.424524068832397,2.77065658569336,3.809722185134888,4.077913761138916,279.57787981033323,274.12552996873853,280.3156699180603,335.17107620239256,326.2127555847168,305.46935119628904,32.21774673461914,31.034149169921875,31.20874786376953,275.8403200149536,273.4423699915409,0.0094342641830444,0.0084000663757324,481.9936828613281,480.83880615234375,22.537708282470703,23.00000190734864,379638.409614563,1241454.9827575684,1214599.5140075684,1211913.9671325684,12.010497093200684,12.012938499450684,527831.9835662842,381225.5382537842,307.7578491210937,265.4564222335815,302.9787086486816,308.53055038452146,6.319999694824219,35.209999084472656,29.979999542236328,0.0001386048973931,2020.02880859375,14.244001388549805,14.969267845153809,6.537600040435791,2.715771198272705,2.243247985839844,0.7873907685279846,0.8756157159805298,0.8486942648887634,3.174011707305908,251.25802612304688,14.487508773803713,648.5702514648438,285.3329467773437,2.465915441513061,1.2898849248886108,591.14013671875,666.9002075195312,22.62,15.86
2025-01-27 13:08:34+01:00,6.0,837.8995361328125,44.94083404541016,3.2125473022460938,3.432455539703369,2.776616096496582,3.8228139877319336,4.08449649810791,279.61787977218626,274.12552996873853,280.29566993713377,335.1610778808593,326.22275390625,305.46935119628904,32.24774932861328,31.042938232421875,31.248748779296875,275.8403200149536,273.4623700022697,0.0094409103393554,0.0083988714218139,481.9712524414063,480.8055725097656,22.62735366821289,22.774232864379883,374679.3031692505,1234252.8343200684,1220703.0296325684,1208251.8577575684,12.022704124450684,12.026366233825684,524536.0851287842,381835.8898162842,308.1586517333984,265.9517506599426,302.98870887756345,308.55055084228513,6.327499866485596,35.209999084472656,29.979999542236328,0.0001385540347629,2040.00732421875,14.66030502319336,14.54112434387207,6.537600040435791,2.330908298492432,2.2132492065429688,0.7769975662231445,0.8883064389228821,0.8553140163421631,3.1867599487304688,250.38397216796875,14.60399055480957,648.598388671875,285.3339233398437,2.46619176864624,1.289917230606079,591.23828125,666.988525390625,22.62,15.86
2025-01-27 13:08:36+01:00,6.0,839.6104125976562,44.998565673828125,3.2171638011932373,3.445972204208374,2.788801670074463,3.820943832397461,4.09269380569458,279.6978796958923,274.0955299973488,280.30566968917844,335.1610778808593,326.1927551269531,305.46935119628904,32.21774673461914,31.05453491210937,31.23874855041504,275.8203200340271,273.4623700022697,0.0094766244888305,0.0083920526504516,481.9369201660156,480.7961730957031,22.543907165527344,22.63700485229492,380019.8793411255,1223510.6468200684,1209594.6311950684,1200805.5686950684,12.014159202575684,12.026366233825684,523437.4523162842,379394.4835662842,307.52855529785154,265.46271123886106,302.9787086486816,308.53055038452146,6.327499866485596,35.189998626708984,29.979999542236328,0.0001380962541368,2029.1949462890625,14.842880249023438,14.809831619262695,6.537600040435791,2.199557304382324,2.195013523101806,0.788101851940155,0.8969112038612366,0.8539204001426697,3.178507328033448,251.84527587890625,14.44132137298584,648.9080200195312,285.2793884277344,2.466432571411133,1.289936661720276,591.338623046875,667.1721801757812,22.62,15.86
2025-01-27 13:08:38+01:00,6.0,840.4201049804688,45.04515075683594,3.219525098800659,3.4557580947875977,2.797134041786194,3.826046347618103,4.093410015106201,279.70287981033323,274.11052998304365,280.31066980361936,335.1510776519775,326.1927551269531,305.4593509674072,32.21274757385254,31.05453491210937,31.23874855041504,275.835320019722,273.4623700022697,0.0095098419189453,0.0083790578842163,481.9345397949219,480.8181610107422,22.55558967590332,22.67574787139893,376434.063911438,1218871.9749450684,1207885.6468200684,1204650.7835388184,12.017210960388184,12.014159202575684,526245.0695037842,379516.5538787842,307.7171405792236,266.0351361274719,302.9737085342407,308.5405506134033,6.327499866485596,35.189998626708984,29.979999542236328,0.0001382488505045,1991.5958251953125,14.66570806503296,14.69427728652954,6.537600040435791,2.347643256187439,2.2476240396499634,0.7916177809238434,0.8993376791477203,0.852793961763382,3.188253879547119,251.72918701171875,14.645284175872805,648.666748046875,285.2783966064453,2.4657942056655884,1.2898273468017578,591.2520751953125,,22.62,15.86
2025-01-27 13:08:40+01:00,6.0,841.2297973632812,45.09173583984375,3.221886396408081,3.4655439853668213,2.805466413497925,3.831148862838745,4.094126224517822,279.70787992477415,274.12552996873853,280.3156699180603,335.1410774230957,326.1927551269531,305.44935073852537,32.20774841308594,31.05453491210937,31.23874855041504,275.85032000541685,273.4623700022697,0.00954305934906,0.0083660631179809,481.9321594238281,480.8401489257813,22.567272186279297,22.71449089050293,372848.2484817505,1214233.3030700684,1206176.6624450684,1208495.9983825684,12.020262718200684,12.001952171325684,529052.6866912842,379638.6241912842,307.9057258605957,266.60756101608274,302.9687084197998,308.55055084228513,6.3274993896484375,35.23999786376953,30.0,0.0001378419325086,2022.609375,14.48853588104248,14.578722953796388,6.537600040435791,2.4957292079925537,2.30023455619812,0.7951337099075317,0.901764154434204,0.8516675233840942,3.198000431060791,251.61309814453125,14.849246978759766,648.4254760742188,285.27740478515625,2.465155839920044,1.2897180318832395,591.16552734375,666.8963012695312,22.62,15.86
2025-01-27 13:08:42+01:00,6.0,840.1611328125,45.0161361694336,3.2170450687408447,3.46435284614563,2.8018274307250977,3.83017897605896,4.1246209144592285,279.6478799819946,274.12552996873853,280.3156699180603,335.121076965332,326.1927551269531,305.46935119628904,32.187747955322266,31.04742431640625,31.23874855041504,275.8403200149536,273.4623700022697,0.00954305934906,0.0083660631179809,481.9321594238281,480.82818603515625,22.567272186279297,22.760723114013672,383376.8129348755,1220580.9593200684,1208862.2093200684,1208007.7171325684,12.025145530700684,12.021483421325684,521118.1163787842,374267.5542831421,308.13343658447263,265.745700263977,302.9787086486816,308.53055038452146,6.322499752044678,35.189998626708984,30.0,0.0001390118069118,2006.724365234375,13.950332641601562,15.043596267700195,6.537600040435791,2.978999137878418,2.208010196685791,0.7753157019615173,0.8768324255943298,0.8603975176811218,3.1910085678100586,250.780029296875,14.739763259887695,648.3794555664062,285.27545166015625,2.464998960494995,1.2896543741226196,591.0324096679688,666.7132568359375,22.62,15.86
2025-01-27 13:08:44+01:00,6.0,838.1402587890625,44.98870086669922,3.2067513465881348,3.4221291542053223,2.7707114219665527,3.812242984771729,4.073035717010498,279.58788003921507,274.2155299425125,280.3356698989868,335.1110786437988,326.1627563476562,305.44935073852537,32.23774719238281,31.031524658203125,31.18874931335449,275.85032000541685,273.5023699939251,0.0094262533187866,0.0083960008621215,481.9626770019531,480.8006591796875,22.596359252929688,22.84482383728028,381774.640083313,1220947.1702575684,1215087.7952575684,1209716.7015075684,12.017821311950684,12.042235374450684,529540.9679412842,390991.1632537842,308.36451568603513,265.46899976730344,302.9687084197998,308.53055038452146,6.324999809265137,35.209999084472656,30.0,0.0001387574937608,2042.4547119140625,14.396116256713867,15.068947792053224,6.537600040435791,2.76098108291626,2.218725204467773,0.7866495251655579,0.8854436874389648,0.8493615984916687,3.2210092544555664,251.58578491210932,13.747333526611328,648.3179931640625,285.2756042480469,2.4664671421051025,1.2899274826049805,591.1474609375,666.6185302734375,22.62,15.86
2025-01-27 13:08:46+01:00,6.0,838.3748779296875,44.9895133972168,3.214318871498108,3.445719599723816,2.790578603744507,3.826801300048828,4.104695796966553,279.53287997245786,274.19052996635435,280.32566990852354,335.1110786437988,326.16775550842283,305.46935119628904,32.22774696350098,31.025848388671875,31.21374893188477,275.8453200101852,273.5073699891567,0.00948868227005,0.0083893842697143,481.9648284912109,480.8253173828125,22.57966995239257,22.878443717956543,379409.5277786255,1226379.2991638184,1211730.8616638184,1209289.4554138184,12.014159202575684,12.030638694763184,523132.2765350342,388305.6163787842,308.0505870819092,265.50987591743467,302.9737085342407,308.53055038452146,6.315000057220459,35.189998626708984,30.0,0.0001402325524224,2015.089599609375,14.590377807617188,14.710713863372805,6.537600040435791,2.5897830724716187,2.2238638401031494,0.7931077182292938,0.8944854140281677,0.8534981906414032,3.2243666648864746,251.79747009277344,14.35627555847168,648.3172912597656,285.2764434814453,2.4656366109848022,1.289820909500122,591.21826171875,,22.62,15.86
2025-01-27 13:08:48+01:00,6.0,838.6094970703125,44.990325927734375,3.221886396408081,3.4693100452423096,2.810445785522461,3.841359615325928,4.136355876922607,279.47787990570066,274.1655299901962,280.3156699180603,335.1110786437988,326.17275466918943,305.4893516540527,32.21774673461914,31.020172119140625,31.23874855041504,275.8403200149536,273.5123699843884,0.0095511112213134,0.0083827676773071,481.9669799804688,480.8499755859375,22.56298065185547,22.91206359863281,377044.415473938,1231811.4280700684,1208373.9280700684,1208862.2093200684,12.010497093200684,12.019042015075684,516723.5851287842,385620.0695037842,307.7366584777832,265.5507520675659,302.9787086486816,308.53055038452146,6.322499752044678,35.189998626708984,29.979999542236328,0.0001387574937608,1992.97509765625,14.784639358520508,14.352479934692385,6.537600040435791,2.418585062026977,2.2290024757385254,0.7995659112930298,0.9035271406173706,0.8576347827911377,3.227724075317383,252.0091552734375,14.965217590332031,648.3165893554688,285.2772827148437,2.464806079864502,1.2897143363952637,591.2890625,666.7070922851562,22.62,15.86
2025-01-27 13:08:50+01:00,6.0,839.9078979492188,45.063751220703125,3.200953245162964,3.431401252746582,2.7786433696746826,3.806463718414306,4.080504417419434,279.3978799819946,274.195529961586,280.3156699180603,335.1110786437988,326.15275421142576,305.46935119628904,32.20774841308594,31.03851318359375,31.248748779296875,275.85032000541685,273.5023699939251,0.0094479322433471,0.0083882837295532,481.9822387695313,480.8879699707031,22.59492874145508,23.13644027709961,382919.0492630005,1207763.5765075684,1208495.9983825684,1218261.6233825684,12.000731468200684,12.022704124450684,531249.9523162842,385253.8585662842,308.0113510131836,266.06402292251585,302.9687084197998,308.53055038452146,6.31749963760376,35.209999084472656,30.0,0.0001387574937608,1975.6661376953125,14.608722686767578,14.715439796447754,6.537600040435791,2.478846311569214,2.2390007972717285,0.7893248200416565,0.8868451118469238,0.8485191464424133,3.0889508724212646,250.50689697265625,14.671722412109377,648.1195068359375,285.2748718261719,2.463446855545044,1.2896358966827393,591.0632934570312,666.3485717773438,22.62,15.86
2025-01-27 13:08:52+01:00,6.0,840.4986572265625,45.0167236328125,3.193908929824829,3.441502809524536,2.7874133586883545,3.806462287902832,4.102542877197266,279.36787977218626,274.195529961586,280.3156699180603,335.07107772827146,326.1127571105957,305.46935119628904,32.19774627685547,31.02032470703125,31.23874855041504,275.8403200149536,273.4623700022697,0.00947922706604,0.0083895082473754,482.0055847167969,480.9144592285156,22.707462310791016,22.732328414916992,368880.9633255005,1230834.8655700684,1212158.1077575684,1207763.5765075684,12.004393577575684,12.021483421325684,526122.9991912842,379150.3429412842,308.0240234375,265.46271123886106,302.9687084197998,308.53055038452146,6.319999694824219,35.189998626708984,30.0,0.0001379945288764,1980.827880859375,14.694024085998535,14.11401081085205,6.537600040435791,2.562131881713867,2.2829716205596924,0.794816255569458,0.8922714591026306,0.8514561653137207,3.1314971446990967,251.02584838867188,14.68429946899414,648.2783813476562,285.2210388183594,2.4657769203186035,1.2894699573516846,591.028076171875,666.8700561523438,22.62,15.86
2025-01-27 13:08:54+01:00,6.0,840.4995422363281,45.04389762878418,3.188086032867432,3.434375643730164,2.7818976640701294,3.797323942184448,4.091180324554443,279.35287990570066,274.16052996516225,280.32566990852354,335.07107772827146,326.1127571105957,305.4593509674072,32.2027473449707,31.028549194335938,31.23874855041504,275.8453200101852,273.472369992733,0.009456642627716,0.0083756866455078,481.9719696044922,480.9062042236328,22.686243057250977,22.86152744293213,375137.0668411255,1219726.4671325684,1209777.7366638184,1206481.8382263184,12.009886741638184,12.007445335388184,520385.6945037842,384887.6476287842,307.9522003173828,265.588483953476,302.9737085342407,308.5055507659912,6.319999694824219,35.189998626708984,30.0,0.0001382488505045,2011.530029296875,14.760836601257324,14.269421100616457,6.537600040435791,2.412047028541565,2.236987352371216,0.7936097979545593,0.8925362527370453,0.8500274419784546,3.1252243518829346,251.9408721923828,14.668578147888184,648.2330017089844,285.22027587890625,2.465007066726685,1.2894722819328308,591.07470703125,,22.62,15.86
2025-01-27 13:08:56+01:00,6.0,840.5004272460938,45.07107162475586,3.182263135910034,3.427248477935791,2.7763819694519043,3.788185596466065,4.079817771911621,279.33788003921507,274.12552996873853,280.3356698989868,335.07107772827146,326.1127571105957,305.44935073852537,32.20774841308594,31.036773681640625,31.23874855041504,275.85032000541685,273.48236998319624,0.009434058189392,0.0083618650436401,481.9383544921875,480.89794921875,22.665023803710938,22.990726470947266,381393.1703567505,1208618.0686950684,1207397.3655700684,1205200.0999450684,12.015379905700684,11.993407249450684,514648.3898162842,390624.9523162842,307.8803771972656,265.7142566680908,302.9787086486816,308.4805511474609,6.327499866485596,35.189998626708984,30.0,0.0001379945288764,2027.593017578125,14.827649116516112,14.42483139038086,6.537600040435791,2.2619621753692627,2.19100308418274,0.7924033403396606,0.89280104637146,0.8485987186431885,3.1189515590667725,252.8558959960937,14.652856826782228,648.1876220703125,285.2195129394531,2.4642372131347656,1.289474606513977,591.121337890625,666.4854125976562,22.62,15.86
2025-01-27 13:08:58+01:00,6.0,836.6676025390625,45.01233673095703,3.2031185626983643,3.445448637008667,2.791390419006348,3.826787233352661,4.116300582885742,279.36787977218626,274.0555299758911,280.3356698989868,335.0310768127441,326.1027549743652,305.44935073852537,32.19774627685547,31.036773681640625,31.23874855041504,275.8603199958801,273.48236998319624,0.0094893779754638,0.0083845777511596,481.9526672363281,480.8974914550781,22.56917953491211,23.10559463500977,380706.524848938,1227416.8968200684,1217651.2718200684,1216430.5686950684,12.019042015075684,11.998290061950684,535400.3429412842,392578.0773162842,308.1880706787109,266.06402292251585,302.94870986938474,308.4805511474609,6.332499980926514,35.189998626708984,30.0,0.0001387574937608,2021.185546875,14.719154357910156,14.789831161499023,6.537600040435791,2.4397172927856445,2.2290024757385254,0.7973314523696899,0.8961560726165771,0.852885901927948,3.229506015777588,251.32632446289065,14.709453582763672,648.0236206054688,285.2204284667969,2.4630274772644043,1.2895050048828125,591.069091796875,666.3510131835938,22.62,15.86
2025-01-27 13:09:00+01:00,6.0,839.521728515625,45.0210189819336,3.1868624687194824,3.436903238296509,2.7868993282318115,3.7843871116638175,4.102889060974121,279.4178799629211,274.0355299949646,280.34567012786863,335.0510772705078,326.1027549743652,305.4293502807617,32.19774627685547,31.043212890625,31.20874786376953,275.85032000541685,273.48236998319624,0.0094893779754638,0.0083845777511596,481.9526672363281,480.88720703125,22.56917953491211,23.175540924072266,379790.997505188,1235839.7483825684,1214111.2327575684,1218261.6233825684,12.008055686950684,12.009276390075684,525756.7882537842,375732.3741912842,307.97754898071287,265.9267786979675,302.94870986938474,308.4905494689941,6.329999923706055,35.189998626708984,30.01000022888184,0.0001372824266221,1993.153076171875,14.901813507080078,14.527302742004396,6.537600040435791,2.414357662200928,2.1782445907592773,0.8030354976654053,0.8976687788963318,0.8466451168060303,3.0976665019989014,250.80734252929688,14.343975067138672,648.2081909179688,285.2220153808594,2.462963104248047,1.2895262241363523,591.3931884765625,666.19921875,22.62,15.86
2025-01-27 13:09:02+01:00,6.0,839.1099853515625,44.93303680419922,3.192634105682373,3.4372360706329346,2.7822422981262207,3.801234245300293,4.092463970184326,279.4178799629211,274.01553001403806,280.3356698989868,335.01107635498045,326.1027549743652,305.44935073852537,32.167747497558594,31.02020263671875,31.20874786376953,275.8203200340271,273.48236998319624,0.0094684143066406,0.0083841619491577,482.004638671875,480.8277282714844,22.524356842041016,22.538896560668945,379256.9398880005,1235229.3968200684,1215331.9358825684,1217773.3421325684,12.009276390075684,12.016600608825684,533325.1476287842,383300.7335662842,308.08720245361326,265.6828135490417,302.9787086486816,308.4905494689941,6.342499732971191,35.16999816894531,30.0,0.0001379945288764,1986.0782470703125,14.300222396850586,15.444721221923828,6.537600040435791,2.7463479042053223,2.257761001586914,0.7825313210487366,0.8782002925872803,0.8506581783294678,3.1870102882385254,249.96060180664065,14.54623794555664,647.9202880859375,285.16387939453125,2.462397575378418,1.2893049716949463,591.1151733398438,666.1423950195312,22.62,15.86
2025-01-27 13:09:04+01:00,6.0,839.9804077148438,45.04644775390625,3.191550970077514,3.4356871843338013,2.782240152359009,3.8051952123641968,4.096271514892578,279.42287983894346,274.01553001403806,280.3356698989868,335.0210765838623,326.1027549743652,305.44935073852537,32.17774772644043,31.02583312988281,31.20874786376953,275.83032002449033,273.49236998856065,0.0094569339752197,0.0083906254768371,481.984619140625,480.8785400390625,22.562026977539062,22.70508575439453,379409.5277786255,1234313.8694763184,1210693.2640075684,1211486.7210388184,12.011107444763184,12.002562522888184,531310.9874725342,385803.1749725342,308.1124195098877,265.5189634799957,302.9737085342407,308.4855503082275,6.337499618530273,35.16999816894531,30.01000022888184,0.0001381979793972,1981.0947265625,14.79127597808838,14.93165683746338,6.537600040435791,2.385220050811768,2.235011100769043,0.7889896631240845,0.8939953744411469,0.8515842854976654,3.1785067319869995,250.3976287841797,14.511900901794434,648.0516967773438,285.1642303466797,2.46334195137024,1.289316475391388,591.1403503417969,,22.62,15.86
2025-01-27 13:09:06+01:00,6.0,840.850830078125,45.15985870361328,3.190467834472656,3.434138298034668,2.782238006591797,3.8091561794281006,4.10007905960083,279.4278797149658,274.01553001403806,280.3356698989868,335.0310768127441,326.1027549743652,305.44935073852537,32.187747955322266,31.031463623046875,31.20874786376953,275.8403200149536,273.5023699939251,0.0094454536437988,0.0083970890045166,481.964599609375,480.9293518066406,22.59969711303711,22.87127494812012,379562.1156692505,1233398.3421325684,1206054.5921325684,1205200.0999450684,12.012938499450684,11.988524436950684,529296.8273162842,388305.6163787842,308.1376365661621,265.3551134109497,302.9687084197998,308.4805511474609,6.347499847412109,35.16999816894531,30.01000022888184,0.0001386048973931,1971.2166748046875,15.282329559326172,14.41859245300293,6.537600040435791,2.024092197418213,2.212261199951172,0.7954480051994324,0.9097904562950134,0.852510392665863,3.1700031757354736,250.83465576171875,14.477563858032228,648.18310546875,285.1645812988281,2.4642863273620605,1.2893279790878296,591.16552734375,666.5676879882812,22.62,15.86
2025-01-27 13:09:08+01:00,6.0,839.1198120117188,45.016204833984375,3.196380138397217,3.4127073287963867,2.7663450241088867,3.807806491851807,4.0763325691223145,279.4178799629211,273.96553000211713,280.3356698989868,335.01107635498045,326.092756652832,305.44935073852537,32.167747497558594,31.022430419921875,31.20874786376953,275.8203200340271,273.5023699939251,0.0094014663696289,0.0083811092376708,482.0003662109375,480.9400634765625,22.696495056152344,22.800840377807617,375747.4184036255,1220580.9593200684,1221313.3811950684,1221435.4515075684,12.012938499450684,12.019042015075684,520751.9054412842,378051.7101287842,308.01980056762693,265.22208347320554,302.9687084197998,308.4805511474609,6.354999542236328,35.189998626708984,30.0,0.00013926612854,1968.1907958984373,14.800935745239258,14.307565689086914,6.537600040435791,2.3805270195007324,2.212261199951172,0.7987752556800842,0.8880641460418701,0.8421022891998291,3.1232075691223145,252.10476684570312,14.79120635986328,648.2196044921875,285.2222595214844,2.465833902359009,1.2893058061599731,591.0814208984375,666.6426391601562,22.62,15.86
2025-01-27 13:09:10+01:00,6.0,840.0471801757812,45.05803298950195,3.195253372192383,3.430262565612793,2.7823703289031982,3.815014600753784,4.095606803894043,279.4478796958923,273.9155299901962,280.3356698989868,335.01107635498045,326.05275573730466,305.4293502807617,32.187747955322266,31.018798828125,31.20874786376953,275.80032005310056,273.48236998319624,0.0094468431472778,0.0084038019180297,481.9674377441406,480.9357604980469,22.68028259277344,22.86576461791992,365600.323677063,1232543.8499450684,1209838.7718200684,1203979.3968200684,11.992186546325684,12.028807640075684,522949.1710662842,378051.7101287842,307.90149917602537,265.46271123886106,302.9687084197998,308.4805511474609,6.347499847412109,35.16999816894531,30.01000022888184,0.0001383505757649,1951.9052734375,14.282666206359863,14.841343879699709,6.537600040435791,2.646403789520264,2.146975517272949,0.8076097369194031,0.9051896929740906,0.8469521999359131,3.063593864440918,252.63739013671875,14.18248176574707,648.2637939453125,285.220458984375,2.4650866985321045,1.289505958557129,591.06982421875,666.6045532226562,22.62,15.86
2025-01-27 13:09:12+01:00,6.0,838.7666625976562,44.94187927246094,3.1870205402374268,3.429020643234253,2.7798218727111816,3.7934865951538086,4.081537246704102,279.43787994384763,273.8955300092697,280.34567012786863,335.01107635498045,326.032755279541,305.4293502807617,32.167747497558594,31.018798828125,31.20874786376953,275.8403200149536,273.48236998319624,0.0094518938064575,0.0083899888992309,481.984619140625,480.92486572265625,22.566795349121094,22.695905685424805,370025.372505188,1222778.2249450684,1216064.3577575684,1216430.5686950684,12.000731468200684,12.017821311950684,523437.4523162842,375732.3741912842,308.0956100463867,265.19041004180906,302.9687084197998,308.4905494689941,6.355000019073486,35.15999984741211,30.0,0.00013926612854,1989.905029296875,14.599919319152832,14.53730297088623,6.537600040435791,2.758960247039795,2.208010196685791,0.7982214689254761,0.8864184617996216,0.8447932600975037,3.2210092544555664,251.3399658203125,14.084304809570312,648.2861328125,285.1648864746094,2.465646743774414,1.2893372774124146,591.1567993164062,666.744384765625,22.62,15.86
2025-01-27 13:09:14+01:00,6.0,839.0828552246094,45.00193786621094,3.1922610998153687,3.4314193725585938,2.7804278135299683,3.8032091856002808,4.087883710861206,279.4178799629211,273.9005300045013,280.34567012786863,335.00607719421384,326.01775588989256,305.43935050964353,32.187747955322266,31.0206298828125,31.20874786376953,275.8203200340271,273.48236998319624,0.0094518938064575,0.0083899888992309,481.984619140625,480.9408416748047,22.566795349121094,22.872042655944824,374526.7152786255,1224609.2796325684,1213683.9866638184,1213683.9866638184,12.002562522888184,12.015990257263184,525512.6476287842,380065.8702850342,307.8609222412109,265.4899212360382,302.9687084197998,308.4855503082275,6.34250020980835,35.15999984741211,30.0,0.00013926612854,1994.3099365234373,14.771132469177246,14.673567295074465,6.537600040435791,2.559166431427002,2.228506565093994,0.7938786447048187,0.8927357494831085,0.8483125567436218,3.169980406761169,250.9370880126953,14.518426418304443,648.4013366699219,285.1936340332031,2.464324116706848,1.2892208695411682,591.2477111816406,,22.62,15.86
2025-01-27 13:09:16+01:00,6.0,839.3990478515625,45.06199645996094,3.1975016593933105,3.4338181018829346,2.781033754348755,3.812931776046753,4.094230175018311,279.3978799819946,273.9055299997329,280.34567012786863,335.00107803344724,326.0027565002441,305.44935073852537,32.20774841308594,31.0224609375,31.20874786376953,275.80032005310056,273.48236998319624,0.0094518938064575,0.0083899888992309,481.984619140625,480.9568176269531,22.566795349121094,23.048179626464844,379028.058052063,1226440.3343200684,1211303.6155700684,1210937.4046325684,12.004393577575684,12.014159202575684,527587.8429412842,384399.3663787842,307.62623443603513,265.7894324302673,302.9687084197998,308.4805511474609,6.347499847412109,35.13999938964844,30.0,0.0001390118069118,1941.44873046875,14.94234561920166,14.809831619262695,6.537600040435791,2.359372615814209,2.2490029335021973,0.7895358204841614,0.8990530371665955,0.85183185338974,3.1189515590667725,250.53421020507807,14.952548027038574,648.5165405273438,285.2223815917969,2.4630014896392822,1.289104461669922,591.338623046875,666.2338256835938,22.62,15.86
2025-01-27 13:09:18+01:00,6.0,839.1319580078125,44.98571014404297,3.2069101333618164,3.4275057315826416,2.775265455245972,3.826938629150391,4.090184688568115,279.3078798294067,273.8955300092697,280.3156699180603,334.9610771179199,326.032755279541,305.4293502807617,32.167747497558594,31.00836181640625,31.18874931335449,275.8203200340271,273.4923699736595,0.0094417133331298,0.0083880701065063,482.0132141113281,480.9478149414063,22.5677490234375,22.866025924682617,375442.2426223755,1225952.0530700684,1212402.2483825684,1215942.2874450684,12.022704124450684,12.001952171325684,527954.0538787842,381835.8898162842,308.3267654418945,265.8331336021423,302.9687084197998,308.45055236816404,6.349999904632568,35.15999984741211,30.0,0.0001390626780192,1999.2491455078125,14.3462495803833,14.494791030883787,6.537600040435791,2.3751413822174072,2.210763931274414,0.7805944681167603,0.880084216594696,0.8508083820343018,3.140228509902954,251.5311584472656,14.571208953857422,648.2542724609375,285.1663818359375,2.4652633666992188,1.2893861532211304,591.3501586914062,666.477783203125,22.62,15.86
2025-01-27 13:09:20+01:00,6.0,839.353271484375,45.0268440246582,3.191737174987793,3.415818214416504,2.769338607788086,3.808361291885376,4.075733661651611,279.36787977218626,273.9155299901962,280.3356698989868,334.931078338623,326.05275573730466,305.3993515014648,32.187747955322266,31.0113525390625,31.18874931335449,275.8203200340271,273.5123699843884,0.0094159097671508,0.008370096206665,482.0284729003906,480.8882446289063,22.633075714111328,22.838478088378903,373534.893989563,1225097.5608825684,1210082.9124450684,1220947.1702575684,12.020262718200684,11.989745140075684,526367.1398162842,379516.5538787842,307.871923828125,265.626215839386,302.9787086486816,308.4805511474609,6.357500076293945,35.15999984741211,30.01000022888184,0.0001383505757649,2039.072998046875,14.506030082702637,14.700304985046388,6.537600040435791,2.754756450653076,2.249262571334839,0.7983902096748352,0.8812488913536072,0.8423427939414978,3.063593864440918,252.8695678710937,14.219669342041016,648.1198120117188,285.16717529296875,2.4641709327697754,1.2894129753112793,591.390625,666.5146484375,22.62,15.86
2025-01-27 13:09:22+01:00,6.0,838.84765625,45.00064086914063,3.169642210006714,3.422071695327759,2.7738308906555176,3.776433944702149,4.077188014984131,279.4178799629211,273.9455300211906,280.34567012786863,334.9110778808593,326.04275741577146,305.4293502807617,32.167747497558594,31.02178955078125,31.20874786376953,275.80032005310056,273.5323699951172,0.0094301137924194,0.0083680696487426,481.9707946777344,480.8976135253906,22.593975067138672,22.711463928222656,372237.8969192505,1233398.3421325684,1221801.6624450684,1212646.3890075684,12.004393577575684,12.001952171325684,523925.7335662842,379394.4835662842,308.2679275512695,265.8581055641174,302.9687084197998,308.4805511474609,6.347499847412109,35.15999984741211,30.0,0.0001384523010253,2005.7010498046875,14.477277755737305,14.87657070159912,6.537600040435791,2.6790342330932617,2.1569738388061523,0.7922616004943848,0.8810732960700989,0.8442827463150024,3.131718635559082,251.76333618164065,14.574966430664062,648.0519409179688,285.1643371582031,2.466237545013428,1.2893935441970823,591.3816528320312,666.64599609375,22.62,15.86
2025-01-27 13:09:24+01:00,6.0,838.8096923828125,44.97462844848633,3.16731595993042,3.444576978683472,2.790565729141236,3.7904696464538574,4.090363502502441,279.507880115509,273.9055299997329,280.3356698989868,334.9110778808593,326.04275741577146,305.4293502807617,32.20774841308594,31.013458251953125,31.20874786376953,275.80032005310056,273.5123699843884,0.0094866943359375,0.0083833599090576,481.9865112304688,480.9571838378906,22.5982666015625,22.76164436340332,382308.6977005005,1238159.0843200684,1213134.6702575684,1211181.5452575684,11.999510765075684,12.008055686950684,526122.9991912842,381713.8195037842,308.2847389221191,266.07022085189817,302.98870887756345,308.4405502319336,6.357500076293945,35.15999984741211,30.0,0.0001390118069118,1986.3009033203125,14.518536567687988,14.571124076843262,6.537600040435791,2.4343581199646,2.155484676361084,0.8028704524040222,0.8901911377906799,0.8444110155105591,3.215510606765747,250.6571044921875,14.440106391906738,648.2615966796875,285.1659851074219,2.4654760360717773,1.2893732786178589,591.2166748046875,666.6680908203125,22.62,15.86
2025-01-27 13:09:26+01:00,6.0,838.8175659179688,44.99258995056152,3.179508209228516,3.443628191947937,2.79101824760437,3.802138090133667,4.102034091949463,279.56287994384763,273.9005300045013,280.3356698989868,334.9210781097412,326.01775588989256,305.4293502807617,32.1977481842041,31.013458251953125,31.19874858856201,275.80032005310056,273.5123699843884,0.0094866943359375,0.0083753418922424,482.0137023925781,480.9216003417969,22.5679874420166,22.75339126586914,378570.294380188,1234558.0101013184,1214477.4436950684,1209655.6663513184,12.001341819763184,12.022093772888184,525512.6476287842,380798.2921600342,308.0593189239502,265.7538429737091,302.9787086486816,308.46055068969724,6.362500190734863,35.15999984741211,30.0,0.0001392152659098,2038.2720947265625,14.598139762878418,14.775704860687256,6.537600040435791,2.4518239498138428,2.185249328613281,0.797669380903244,0.8926451802253723,0.8487434685230255,3.17723035812378,250.37713623046875,14.753340244293211,648.2693176269531,285.1666564941406,2.465610980987549,1.289395451545715,591.3412170410156,,22.62,15.86
2025-01-27 13:09:28+01:00,6.0,838.825439453125,45.01055145263672,3.191700458526612,3.4426794052124023,2.791470766067505,3.813806533813477,4.113704681396484,279.61787977218626,273.8955300092697,280.3356698989868,334.931078338623,325.99275436401365,305.4293502807617,32.187747955322266,31.013458251953125,31.18874931335449,275.80032005310056,273.5123699843884,0.0094866943359375,0.0083673238754272,482.0408935546875,480.8860168457031,22.537708282470703,22.74513816833496,374831.8910598755,1230956.9358825684,1215820.2171325684,1208129.7874450684,12.003172874450684,12.036131858825684,524902.2960662842,379882.7648162842,307.8338989257812,265.43746509552,302.9687084197998,308.4805511474609,6.354999542236328,35.13999938964844,30.0,0.0001394187249077,1989.593505859375,14.677742958068848,14.98028564453125,6.537600040435791,2.469289779663086,2.2150139808654785,0.7924683094024658,0.8950992226600647,0.8530759215354919,3.1389501094818115,250.09716796875,15.066574096679688,648.2770385742188,285.1673278808594,2.4657459259033203,1.2894176244735718,591.4657592773438,666.542724609375,22.62,15.86
2025-01-27 13:09:30+01:00,6.0,839.6285400390625,45.05900573730469,3.2092225551605225,3.429005146026612,2.783480644226074,3.834062099456787,4.096636772155762,279.7478798866272,273.9155299901962,280.3556698799133,334.9110778808593,325.98275604248045,305.4293502807617,32.19774627685547,31.00732421875,31.20874786376953,275.80032005310056,273.5523699760437,0.0094536056518554,0.0083673238754272,482.0408935546875,480.9522705078125,22.537708282470703,22.80292701721192,376586.651802063,1225829.9827575684,1216918.8499450684,1215331.9358825684,11.999510765075684,12.004393577575684,526733.3507537842,382568.3116912842,307.8803771972656,265.46271123886106,302.9787086486816,308.4805511474609,6.362499713897705,35.119998931884766,30.01000022888184,0.0001389609442816,1952.7508544921875,14.872879981994627,14.6840238571167,6.537600040435791,2.420527935028076,2.1639926433563232,0.8093721270561218,0.8959723711013794,0.8441094160079956,3.101924180984497,252.93783569335932,14.961551666259766,647.8294677734375,285.11016845703125,2.4652762413024902,1.289169430732727,591.2807006835938,666.46533203125,22.62,15.86
2025-01-27 13:09:32+01:00,6.0,838.6410522460938,44.95660400390625,3.1917381286621094,3.4321184158325195,2.78495717048645,3.7892894744873047,4.091993808746338,279.8078798294067,273.96553000211713,280.3356698989868,334.9110778808593,325.9527572631836,305.4293502807617,32.167747497558594,31.011993408203125,31.18874931335449,275.8203200340271,273.5423699855804,0.0094496250152587,0.0083718500137329,482.0032043457031,480.9223327636719,22.58014678955078,22.59680557250977,370101.6664505005,1216430.5686950684,1209228.4202575684,1206054.5921325684,12.010497093200684,12.022704124450684,530761.6710662842,374755.8355331421,308.07039108276365,265.2790965080261,302.98870887756345,308.4805511474609,6.359999656677246,35.15999984741211,30.01000022888184,0.0001391644032796,2022.609619140625,15.180512428283691,15.009268760681152,6.537600040435791,2.2298569679260254,2.14420747756958,0.7882969379425049,0.8904480338096619,0.8496001958847046,3.067854166030884,251.77700805664065,14.609970092773438,648.31298828125,285.1114196777344,2.466158628463745,1.289238691329956,591.520263671875,666.5020751953125,22.62,15.86
2025-01-27 13:09:34+01:00,6.0,839.9969482421875,45.03568649291992,3.198720216751098,3.422334671020508,2.776251792907715,3.807498455047608,4.073670864105225,279.8878797531128,273.9955299735069,280.34567012786863,334.8910774230957,325.9527572631836,305.4293502807617,32.187747955322266,31.0224609375,31.20874786376953,275.80032005310056,273.5323699951172,0.0094344244003295,0.0083824281692504,481.97174072265625,480.9478759765625,22.61066436767578,22.718320846557617,375137.0668411255,1223144.4358825684,1215209.8655700684,1209106.3499450684,12.015379905700684,12.008055686950684,519775.3429412842,373657.2027206421,308.3435768127441,265.7707032203674,302.98870887756345,308.4805511474609,6.369999885559082,35.119998931884766,30.01999855041504,0.0001387574937608,2013.7547607421875,14.67263126373291,14.44355583190918,6.537600040435791,2.758960247039795,2.257761001586914,0.800235390663147,0.8869714140892029,0.8411420583724976,3.2380013465881348,251.3809509277344,14.568723678588867,648.1888427734375,285.0826721191406,2.46553897857666,1.2891229391098022,591.3729858398438,666.5205078125,22.62,15.86
2025-01-27 13:09:36+01:00,6.0,840.4533386230469,45.05609703063965,3.1853452920913696,3.426283359527588,2.778766393661499,3.794261574745178,4.081273317337036,279.92287983894346,274.04552998542783,280.35067000389097,334.87607803344724,325.9377559661865,305.4293502807617,32.17774772644043,31.0125732421875,31.19874858856201,275.80032005310056,273.5323699951172,0.0094416580200195,0.0083839378356933,481.9996337890625,480.9225311279297,22.62401580810547,22.722214698791504,373878.2167434693,1224304.1038513184,1211547.7561950684,1209411.5257263184,12.016600608825684,11.998900413513184,520507.7648162842,374755.82361221313,308.1394390106201,265.6450060844421,302.98370876312254,308.4805511474609,6.369999885559082,35.119998931884766,30.0,0.0001383505757649,2023.410400390625,14.690892696380615,14.66821813583374,6.537600040435791,2.5924311876297,2.259885311126709,0.7952908575534821,0.8887294828891754,0.8443634510040283,3.155057668685913,250.7458953857422,14.81264877319336,648.1925048828125,285.1243438720703,2.465321898460388,1.2892587184906006,591.3872680664062,,22.62,15.86
2025-01-27 13:09:38+01:00,6.0,840.9097290039062,45.076507568359375,3.1719703674316406,3.430232048034668,2.781280994415283,3.781024694442749,4.088875770568848,279.95787992477415,274.0955299973488,280.3556698799133,334.8610786437988,325.92275466918943,305.4293502807617,32.167747497558594,31.002685546875,31.18874931335449,275.80032005310056,273.5323699951172,0.0094488916397094,0.0083854475021362,482.0275268554688,480.8971862792969,22.63736724853516,22.72610855102539,372619.366645813,1225463.7718200684,1207885.6468200684,1209716.7015075684,12.017821311950684,11.989745140075684,521240.1866912842,375854.4445037842,307.93530120849607,265.5193089485168,302.9787086486816,308.4805511474609,6.364999771118164,35.119998931884766,30.0,0.0001390118069118,1952.6171875,14.70915412902832,14.8928804397583,6.537600040435791,2.4259021282196045,2.262009620666504,0.7903463244438171,0.890487551689148,0.8475848436355591,3.0721139907836914,250.11083984375,15.056573867797852,648.1961669921875,285.166015625,2.465104818344116,1.289394497871399,591.4015502929688,666.4713134765625,22.62,15.86
2025-01-27 13:09:40+01:00,6.0,838.8051147460938,45.02341079711914,3.2069101333618164,3.443427801132202,2.7932615280151367,3.790705442428589,4.105886936187744,279.9278797149658,274.12552996873853,280.3556698799133,334.85107650756834,325.9327568054199,305.409349822998,32.167747497558594,31.0068359375,31.18874931335449,275.80032005310056,273.5523699760437,0.0094883832931518,0.0083740549087524,482.0027465820313,480.8891296386719,22.69744873046875,22.695863723754883,370330.548286438,1218627.8343200684,1209716.7015075684,1211059.4749450684,12.009276390075684,11.965331077575684,532348.5851287842,392700.1476287842,308.20908584594724,265.46899976730344,302.98870887756345,308.4805511474609,6.364999771118164,35.119998931884766,30.01999855041504,0.00013926612854,1998.626220703125,14.770589828491213,14.8146390914917,6.537600040435791,2.700078248977661,2.2662582397460938,0.7989124059677124,0.897859513759613,0.847102165222168,3.236759185791016,251.3399658203125,14.943543434143066,648.0740356445312,285.1642150878906,2.4647421836853027,1.2894110679626465,591.35791015625,666.2388305664062,22.62,15.86
2025-01-27 13:09:42+01:00,6.0,838.4185180664062,45.08629989624024,3.199913263320923,3.4425923824310303,2.7924258708953857,3.81264877319336,4.101797103881836,279.93787994384763,274.12552996873853,280.34567012786863,334.85107650756834,325.9427551269531,305.4293502807617,32.19774627685547,31.0068359375,31.20874786376953,275.87031998634336,273.56236999630926,0.0094883832931518,0.0083740549087524,482.0027465820313,480.8603820800781,22.69744873046875,22.841291427612305,379638.409614563,1230224.5140075684,1216552.6390075684,1212768.4593200684,12.015379905700684,12.004393577575684,526977.4913787842,388061.4757537842,307.9522003173828,265.70167961120603,302.9787086486816,308.4805511474609,6.359999656677246,35.07999801635742,30.01000022888184,0.0001392152659098,2036.4921875,14.641263961791992,14.956025123596191,6.791999816894531,2.607426881790161,2.2662582397460938,0.7952097058296204,0.890859067440033,0.8479199409484863,3.1261799335479736,252.14572143554688,14.597452163696287,647.9052734375,285.1648254394531,2.4636549949646,1.2893353700637815,591.1641235351562,666.1870727539062,22.62,15.86
2025-01-27 13:09:44+01:00,6.0,839.8828125,45.02427673339844,3.18243408203125,3.432137489318848,2.781151294708252,3.799710988998413,4.097847938537598,279.8778800010681,274.12552996873853,280.3556698799133,334.84107818603513,325.9427551269531,305.4293502807617,32.20774841308594,30.99896240234375,31.20874786376953,276.12031998634336,273.56236999630926,0.009455262184143,0.008960521697998,482.0227661132813,480.8796081542969,22.5982666015625,22.751554489135746,375594.8305130005,1221557.5218200684,1210815.3343200684,1220092.6780700684,12.019042015075684,11.976317405700684,546508.7413787842,383422.8038787842,308.0956100463867,265.67652502059934,302.9787086486816,308.45055236816404,6.357499599456787,35.119998931884766,30.01000022888184,0.0001398256344265,1998.626220703125,14.591124534606934,14.631263732910156,6.791999816894531,2.507288932800293,2.243247985839844,0.7862776517868042,0.8872538805007935,0.8495458364486694,3.0848917961120605,251.73602294921875,14.368947982788086,648.0613403320312,285.2215576171875,2.4647347927093506,1.2895419597625732,591.2188720703125,666.3790893554688,22.62,15.86
2025-01-27 13:09:46+01:00,6.0,839.4194030761719,45.01876640319824,3.1766260862350464,3.4250887632369995,2.777533411979676,3.7898565530776978,4.086284399032593,279.8478800296783,274.11052998304365,280.35067000389097,334.8360771179199,325.93275489807127,305.43935050964353,32.1977481842041,31.00311279296875,31.20874786376953,276.2353199958801,273.55236999094484,0.0094423422813415,0.0089679722785949,482.0134582519531,480.8641815185547,22.630691528320312,22.69907855987549,374107.09857940674,1226013.0882263184,1213439.8460388184,1214172.2679138184,12.015990257263184,11.963500022888184,545959.4249725342,380493.1163787842,307.86304702758787,265.7204927444458,302.98370876312254,308.4455513000488,6.369999885559082,35.119998931884766,30.01000022888184,0.0001392152659098,1981.940185546875,14.597389221191406,14.427241325378418,6.791999816894531,2.536818742752075,2.2420053482055664,0.7954112589359283,0.885930985212326,0.8442510366439819,3.1018141508102417,250.9165954589844,14.51646900177002,648.1107482910156,285.2225341796875,2.465037226676941,1.289573848247528,591.2986450195312,,22.62,15.86
2025-01-27 13:09:48+01:00,6.0,838.9559936523438,45.01325607299805,3.1708180904388428,3.418040037155152,2.773915529251098,3.7800021171569824,4.074720859527588,279.8178800582885,274.0955299973488,280.34567012786863,334.83107604980466,325.92275466918943,305.44935073852537,32.187747955322266,31.00726318359375,31.20874786376953,276.35032000541685,273.5423699855804,0.00942942237854,0.0089754228591918,482.004150390625,480.8487548828125,22.663116455078125,22.646602630615234,372619.366645813,1230468.6546325684,1216064.3577575684,1208251.8577575684,12.012938499450684,11.950682640075684,545410.1085662842,377563.4288787842,307.63048400878904,265.7644604682922,302.98870887756345,308.4405502319336,6.369999885559082,35.119998931884766,30.0,0.0001384523010253,1980.4718017578125,14.60365390777588,14.22321891784668,6.791999816894531,2.5663485527038574,2.240762710571289,0.8045448660850525,0.8846080899238586,0.8389562368392944,3.118736505508423,250.09716796875,14.663990020751951,648.16015625,285.2235107421875,2.4653396606445312,1.289605736732483,591.37841796875,666.48095703125,22.62,15.86
2025-01-27 13:09:50+01:00,6.0,839.513916015625,44.991676330566406,3.1684916019439697,3.427344560623169,2.7786548137664795,3.783276319503784,4.092354774475098,279.70787992477415,274.0555299758911,280.3556698799133,334.83107604980466,325.9427551269531,305.4293502807617,32.167747497558594,31.0338134765625,31.20874786376953,276.51031985282896,273.56236999630926,0.0094504776000976,0.0089984216690063,481.9579162597656,480.8988342285156,22.57680892944336,22.836933135986328,374831.8910598755,1225952.0530700684,1212158.1077575684,1217040.9202575684,12.003172874450684,11.997069358825684,538330.0304412842,383789.0148162842,308.0409225463867,265.5318860054016,302.9787086486816,308.4305519104004,6.372499942779541,35.099998474121094,30.0,0.0001390626780192,2021.76416015625,14.289129257202148,14.266697883605955,6.791999816894531,2.5536980628967285,2.15995192527771,0.7880613803863525,0.8777809739112854,0.8460120558738708,3.0976665019989014,250.68441772460932,14.269251823425291,647.8847045898438,285.2210998535156,2.464848756790161,1.2895022630691528,591.1119384765625,666.2646484375,22.62,15.86
2025-01-27 13:09:52+01:00,6.0,840.3024291992188,45.00096130371094,3.1661503314971924,3.430889368057251,2.7804219722747803,3.76019811630249,4.085023403167725,279.6378797531128,274.0555299758911,280.34567012786863,334.84107818603513,325.9427551269531,305.44935073852537,32.187747955322266,31.015655517578125,31.20874786376953,276.60032000541685,273.5523699760437,0.0094495792388916,0.0089802541732788,482.0065612792969,480.8590393066406,22.67026901245117,22.76600646972656,382690.167427063,1233276.2718200684,1217529.2015075684,1213622.9515075684,12.003172874450684,11.976317405700684,535888.6241912842,390991.1632537842,307.6007522583008,265.98920860290525,302.9787086486816,308.4405502319336,6.372499942779541,35.099998474121094,30.0,0.0001393678622775,2013.621337890625,14.583653450012209,14.740589141845703,6.791999816894531,2.414357662200928,2.2759881019592285,0.7864982485771179,0.886807918548584,0.8474421501159668,3.2337536811828613,252.93783569335932,14.772340774536133,648.2952270507812,285.2220153808594,2.465766906738281,1.2895845174789429,591.234375,666.3015747070312,22.62,15.86
2025-01-27 13:09:54+01:00,6.0,840.3024291992188,45.00096130371094,3.1661503314971924,3.430889368057251,2.7804219722747803,3.76019811630249,4.085023403167725,279.6378797531128,274.0555299758911,280.34567012786863,334.84107818603513,325.9427551269531,305.44935073852537,32.187747955322266,31.015655517578125,31.20874786376953,276.60032000541685,273.5523699760437,0.0094495792388916,0.0089802541732788,482.0065612792969,480.8590393066406,22.67026901245117,22.76600646972656,382690.167427063,1233276.2718200684,1217529.2015075684,1213622.9515075684,12.003172874450684,11.976317405700684,535888.6241912842,390991.1632537842,307.6007522583008,265.98920860290525,302.9787086486816,308.4405502319336,6.382499694824219,35.119998931884766,30.0,0.0001387574937608,2011.930419921875,14.583653450012209,14.740589141845703,6.791999816894531,2.414357662200928,2.2759881019592285,0.7864982485771179,0.886807918548584,0.8474421501159668,3.2337536811828613,252.93783569335932,14.772340774536133,648.2952270507812,285.2220153808594,2.465766906738281,1.2895845174789429,591.234375,,22.62,15.86
